%YAML:1.0
---
#Intrinsic of "Color" / 1280x720 / {YUYV/RGB8/BGR8/RGBA8/BGRA8/Y8}
#  Width:      	1280
#  Height:     	720
#  PPX:        	635.982971191406
#  PPY:        	364.792755126953
#  Fx:         	642.981872558594
#  Fy:         	642.320678710938
#  Distortion: 	Inverse Brown Conrady
#  distortion_model: plumb_bob
#  Coeffs:     	-0.0530853755772114  	0.0618362724781036  	0.000243115719058551  	-0.000230992809520103  	-0.0197865590453148
#  FOV (deg):  	89.73 x 58.54

model_type: PINHOLE
camera_name: camera
image_width: 1280
image_height: 720
distortion_parameters:
   k1: -0.0530853755772114
   k2: 0.0618362724781036
   p1: 0.000243115719058551
   p2: -0.000230992809520103
projection_parameters:
   fx: 642.981872558594
   fy: 642.320678710938
   cx: 635.982971191406
   cy: 364.792755126953
