%YAML:1.0
---
model_type: PINHOLE
camera_name: camera
image_width: 640
image_height: 400
distortion_parameters:
   k1: 0.0
   k2: 0.0
   p1: 0.0
   p2: 0.0
projection_parameters:
   fx: 286.1844177246094
   fy: 286.1844177246094
   cx: 321.78167724609375
   cy: 203.37710571289062
